CPOutX = 1864.112548
CPOutY = -1364.661376
CPOutZ = 13.492644
HouseName = House For Sale!
HouseOwner = INVALID_PLAYER_ID
HouseLocation = Glen Park
HousePassword = 1289815741
HouseCreator = Firuis_Salkhov
HouseValue = 1000000
HouseStorage = 0
SpawnOutX = 1865.246704
SpawnOutY = -1362.433471
SpawnOutZ = 13.492644
SpawnOutAngle = 333.019714
SpawnWorld = 0
SpawnInterior = 0
HouseInterior = 10
