CPOutX = 418.418579
CPOutY = -1506.071166
CPOutZ = 31.308511
HouseName = {FF40FF}Test
HouseOwner = Firuis_Salkhov
HouseLocation = Rodeo
HousePassword = 93782525
HouseCreator = Firuis_Salkhov
HouseValue = 1000000
HouseStorage = 0
SpawnOutX = 419.730743
SpawnOutY = -1503.943237
SpawnOutZ = 31.308511
SpawnOutAngle = 328.341064
SpawnWorld = 0
SpawnInterior = 0
HouseInterior = 10
HousePrivacy = 1
