Name=Test
Owner=Firuis_Salkhov
Owned=1
Level=10
Price=1
X=1780.792358
Y=-1920.630126
Z=13.389897
VirtualWorld=0
