Name=None
For_Sell=1
Sell_Price=25000
Rent_Price=1000
House_Level=1
Exit_Coord:X=2158.061523
Exit_Coord:Y=-1611.832275
Exit_Coord:Z=14.346446
VirtualWorld=2
Status=0
