Name=None
For_Sell=1
Sell_Price=25000
Rent_Price=1000
House_Level=1
Exit_Coord:X=2016.193969
Exit_Coord:Y=-1717.563964
Exit_Coord:Z=14.125000
VirtualWorld=11
Status=0
