Name=None
For_Sell=1
Sell_Price=25000
Rent_Price=1000
House_Level=1
Exit_Coord:X=2018.202880
Exit_Coord:Y=-1703.080078
Exit_Coord:Z=14.234375
VirtualWorld=12
Status=0
