Name=None
For_Sell=1
Sell_Price=25000
Rent_Price=1000
House_Level=1
Exit_Coord:X=2013.575439
Exit_Coord:Y=-1656.598266
Exit_Coord:Z=14.136316
VirtualWorld=13
Status=0
