Name=None
For_Sell=1
Sell_Price=25000
Rent_Price=1000
House_Level=1
Exit_Coord:X=2016.544433
Exit_Coord:Y=-1641.462768
Exit_Coord:Z=14.112878
VirtualWorld=14
Status=0
