Name=None
For_Sell=1
Sell_Price=25000
Rent_Price=1000
House_Level=1
Exit_Coord:X=2185.902587
Exit_Coord:Y=-1815.227416
Exit_Coord:Z=13.546875
VirtualWorld=16
Status=0
