Name=None
For_Sell=1
Sell_Price=25000
Rent_Price=1000
House_Level=1
Exit_Coord:X=2176.467529
Exit_Coord:Y=-1828.610839
Exit_Coord:Z=16.140834
VirtualWorld=17
Status=0
