Name=None
For_Sell=1
Sell_Price=25000
Rent_Price=1000
House_Level=1
Exit_Coord:X=2176.483886
Exit_Coord:Y=-1821.796508
Exit_Coord:Z=16.145866
VirtualWorld=18
Status=0
