Name=None
For_Sell=1
Sell_Price=25000
Rent_Price=1000
House_Level=1
Exit_Coord:X=2164.701171
Exit_Coord:Y=-1819.675903
Exit_Coord:Z=16.140625
VirtualWorld=20
Status=0
