Name=None
For_Sell=1
Sell_Price=25000
Rent_Price=1000
House_Level=1
Exit_Coord:X=2172.010253
Exit_Coord:Y=-1614.974121
Exit_Coord:Z=14.303492
VirtualWorld=3
Status=0
