Name=None
For_Sell=1
Sell_Price=25000
Rent_Price=1000
House_Level=1
Exit_Coord:X=2151.762451
Exit_Coord:Y=-1819.685058
Exit_Coord:Z=16.140625
VirtualWorld=22
Status=0
