Name=None
For_Sell=1
Sell_Price=25000
Rent_Price=1000
House_Level=1
Exit_Coord:X=2146.527099
Exit_Coord:Y=-1808.558837
Exit_Coord:Z=16.140625
VirtualWorld=24
Status=0
