Name=None
For_Sell=1
Sell_Price=25000
Rent_Price=1000
House_Level=1
Exit_Coord:X=2144.997802
Exit_Coord:Y=-1801.780029
Exit_Coord:Z=16.140625
VirtualWorld=26
Status=0
