Name=None
For_Sell=1
Sell_Price=25000
Rent_Price=1000
House_Level=1
Exit_Coord:X=2151.262695
Exit_Coord:Y=-1807.872070
Exit_Coord:Z=13.546420
VirtualWorld=27
Status=0
