Name=None
For_Sell=1
Sell_Price=25000
Rent_Price=1000
House_Level=1
Exit_Coord:X=2155.935546
Exit_Coord:Y=-1815.226684
Exit_Coord:Z=13.546875
VirtualWorld=29
Status=0
