Name=None
For_Sell=1
Sell_Price=25000
Rent_Price=1000
House_Level=1
Exit_Coord:X=2178.043945
Exit_Coord:Y=-1599.628173
Exit_Coord:Z=14.351562
VirtualWorld=4
Status=0
