Name=Troke
For_Sell=0
Sell_Price=250000
Rent_Price=1000
House_Level=8
Exit_Coord:X=1836.293212
Exit_Coord:Y=-1683.350097
Exit_Coord:Z=13.354002
VirtualWorld=33
Status=0
