Name=None
For_Sell=1
Sell_Price=25000
Rent_Price=1000
House_Level=1
Exit_Coord:X=2068.236328
Exit_Coord:Y=-1629.166503
Exit_Coord:Z=13.876157
VirtualWorld=5
Status=0
