Name=None
For_Sell=1
Sell_Price=25000
Rent_Price=1000
House_Level=1
Exit_Coord:X=2067.672363
Exit_Coord:Y=-1644.065917
Exit_Coord:Z=14.136316
VirtualWorld=6
Status=0
