Name=None
For_Sell=1
Sell_Price=25000
Rent_Price=1000
House_Level=1
Exit_Coord:X=2067.332275
Exit_Coord:Y=-1656.694091
Exit_Coord:Z=13.848425
VirtualWorld=7
Status=0
