Name=None
For_Sell=1
Sell_Price=25000
Rent_Price=1000
House_Level=1
Exit_Coord:X=2066.249023
Exit_Coord:Y=-1717.011474
Exit_Coord:Z=14.136316
VirtualWorld=8
Status=0
