Name=None
For_Sell=1
Sell_Price=25000
Rent_Price=1000
House_Level=1
Exit_Coord:X=2015.326293
Exit_Coord:Y=-1732.460449
Exit_Coord:Z=14.234375
VirtualWorld=10
Status=0
